"Date","Open","High","Low","Close","RSI ‌rsi‌ (14)"
"Fri May 26 2023 10:10:00 GMT+0530 (India Standard Time)","17.15","17.20","16.20","16.40","59.07"
"Fri May 26 2023 10:15:00 GMT+0530 (India Standard Time)","16.15","17.00","15.85","16.50","59.66"
"Fri May 26 2023 10:20:00 GMT+0530 (India Standard Time)","16.50","17.30","16.40","17.30","64.15"
"Fri May 26 2023 10:25:00 GMT+0530 (India Standard Time)","17.30","17.85","17.10","17.25","63.67"
"Fri May 26 2023 10:30:00 GMT+0530 (India Standard Time)","17.25","18.00","17.15","18.00","67.56"
"Fri May 26 2023 10:35:00 GMT+0530 (India Standard Time)","18.15","18.80","18.00","18.05","67.81"
"Fri May 26 2023 10:40:00 GMT+0530 (India Standard Time)","18.05","18.25","17.35","18.00","67.26"
"Fri May 26 2023 10:45:00 GMT+0530 (India Standard Time)","18.00","18.20","17.50","18.10","67.82"
"Fri May 26 2023 10:50:00 GMT+0530 (India Standard Time)","18.10","18.35","17.75","17.85","64.81"
"Fri May 26 2023 10:55:00 GMT+0530 (India Standard Time)","17.85","17.85","17.20","17.60","61.86"
"Fri May 26 2023 11:00:00 GMT+0530 (India Standard Time)","17.60","18.45","17.60","18.00","64.64"
"Fri May 26 2023 11:05:00 GMT+0530 (India Standard Time)","18.00","19.10","18.00","18.90","69.94"
"Fri May 26 2023 11:10:00 GMT+0530 (India Standard Time)","18.90","20.85","18.90","20.40","76.32"
"Fri May 26 2023 11:15:00 GMT+0530 (India Standard Time)","20.40","20.75","20.05","20.50","76.68"
"Fri May 26 2023 11:20:00 GMT+0530 (India Standard Time)","20.50","20.60","19.65","20.55","76.86"
"Fri May 26 2023 11:25:00 GMT+0530 (India Standard Time)","20.55","20.75","20.10","20.60","77.06"
"Fri May 26 2023 11:30:00 GMT+0530 (India Standard Time)","20.50","20.85","20.45","20.70","77.48"
"Fri May 26 2023 11:35:00 GMT+0530 (India Standard Time)","20.70","22.25","20.15","21.90","81.75"
"Fri May 26 2023 11:40:00 GMT+0530 (India Standard Time)","21.90","22.90","21.70","22.80","84.17"
"Fri May 26 2023 11:45:00 GMT+0530 (India Standard Time)","22.80","23.70","22.55","23.05","84.78"
"Fri May 26 2023 11:50:00 GMT+0530 (India Standard Time)","23.05","23.05","21.85","22.40","76.58"
"Fri May 26 2023 11:55:00 GMT+0530 (India Standard Time)","22.40","23.60","22.30","23.40","79.82"
"Fri May 26 2023 12:00:00 GMT+0530 (India Standard Time)","23.40","25.00","23.40","23.80","80.95"
"Fri May 26 2023 12:05:00 GMT+0530 (India Standard Time)","23.95","24.80","23.60","24.45","82.65"
"Fri May 26 2023 12:10:00 GMT+0530 (India Standard Time)","24.45","24.50","22.85","23.20","69.74"
"Fri May 26 2023 12:15:00 GMT+0530 (India Standard Time)","23.20","24.30","22.80","23.90","72.34"
"Fri May 26 2023 12:20:00 GMT+0530 (India Standard Time)","23.90","23.90","22.60","22.60","61.71"
"Fri May 26 2023 12:25:00 GMT+0530 (India Standard Time)","22.60","22.80","21.40","22.15","58.51"
"Fri May 26 2023 12:30:00 GMT+0530 (India Standard Time)","22.15","23.05","21.10","22.00","57.44"
"Fri May 26 2023 12:35:00 GMT+0530 (India Standard Time)","21.90","22.75","21.90","22.50","60.06"
"Fri May 26 2023 12:40:00 GMT+0530 (India Standard Time)","22.50","24.00","22.50","23.50","64.74"
"Fri May 26 2023 12:45:00 GMT+0530 (India Standard Time)","23.50","24.30","23.50","24.25","67.79"
"Fri May 26 2023 12:50:00 GMT+0530 (India Standard Time)","24.25","24.55","22.65","22.70","56.85"
"Fri May 26 2023 12:55:00 GMT+0530 (India Standard Time)","22.70","23.55","22.50","23.55","60.61"
"Fri May 26 2023 13:00:00 GMT+0530 (India Standard Time)","23.55","24.15","23.00","23.45","59.94"
"Fri May 26 2023 13:05:00 GMT+0530 (India Standard Time)","23.45","24.10","21.55","22.00","51.22"
"Fri May 26 2023 13:10:00 GMT+0530 (India Standard Time)","22.15","22.85","21.50","21.55","48.85"
"Fri May 26 2023 13:15:00 GMT+0530 (India Standard Time)","21.00","21.80","20.70","21.80","50.23"
"Fri May 26 2023 13:20:00 GMT+0530 (India Standard Time)","21.80","22.30","21.35","21.95","51.08"
"Fri May 26 2023 13:25:00 GMT+0530 (India Standard Time)","21.95","22.45","21.70","21.90","50.77"
"Fri May 26 2023 13:30:00 GMT+0530 (India Standard Time)","21.90","22.70","21.70","22.55","54.65"
"Fri May 26 2023 13:35:00 GMT+0530 (India Standard Time)","22.70","23.50","22.25","23.40","59.19"
"Fri May 26 2023 13:40:00 GMT+0530 (India Standard Time)","23.40","24.20","23.40","24.00","62.07"
"Fri May 26 2023 13:45:00 GMT+0530 (India Standard Time)","24.00","26.45","24.00","26.35","70.78"
"Fri May 26 2023 13:50:00 GMT+0530 (India Standard Time)","26.35","31.05","26.35","28.80","76.76"
"Fri May 26 2023 13:55:00 GMT+0530 (India Standard Time)","28.85","29.80","27.80","29.00","77.18"
"Fri May 26 2023 14:00:00 GMT+0530 (India Standard Time)","29.10","31.40","28.80","30.40","79.86"
"Fri May 26 2023 14:05:00 GMT+0530 (India Standard Time)","30.40","30.95","29.95","30.95","80.82"
"Fri May 26 2023 14:10:00 GMT+0530 (India Standard Time)","30.95","32.80","30.70","32.60","83.37"
"Fri May 26 2023 14:15:00 GMT+0530 (India Standard Time)","32.65","34.90","32.55","34.00","85.17"
"Fri May 26 2023 14:20:00 GMT+0530 (India Standard Time)","34.00","35.15","31.85","33.80","83.77"
"Fri May 26 2023 14:25:00 GMT+0530 (India Standard Time)","34.00","35.70","33.30","33.60","82.32"
"Fri May 26 2023 14:30:00 GMT+0530 (India Standard Time)","33.60","34.95","33.55","34.35","83.48"
"Fri May 26 2023 14:35:00 GMT+0530 (India Standard Time)","34.35","34.45","32.60","33.95","80.45"
"Fri May 26 2023 14:40:00 GMT+0530 (India Standard Time)","33.65","34.35","30.80","30.95","62.24"
"Fri May 26 2023 14:45:00 GMT+0530 (India Standard Time)","30.70","32.05","30.25","31.65","64.27"
"Fri May 26 2023 14:50:00 GMT+0530 (India Standard Time)","31.65","33.10","30.30","31.15","61.72"
"Fri May 26 2023 14:55:00 GMT+0530 (India Standard Time)","30.80","33.00","30.40","32.65","66.08"
"Fri May 26 2023 15:00:00 GMT+0530 (India Standard Time)","32.30","36.05","30.75","35.05","71.64"
"Fri May 26 2023 15:05:00 GMT+0530 (India Standard Time)","34.75","35.40","33.55","34.25","67.66"
"Fri May 26 2023 15:10:00 GMT+0530 (India Standard Time)","34.25","34.70","33.10","34.00","66.41"
"Fri May 26 2023 15:15:00 GMT+0530 (India Standard Time)","33.75","34.00","31.90","32.10","57.74"
"Fri May 26 2023 15:20:00 GMT+0530 (India Standard Time)","31.90","32.10","30.55","31.10","53.75"
"Fri May 26 2023 15:25:00 GMT+0530 (India Standard Time)","30.95","33.00","30.70","32.90","59.21"
"Mon May 29 2023 09:15:00 GMT+0530 (India Standard Time)","54.45","67.30","50.00","63.60","87.11"
"Mon May 29 2023 09:20:00 GMT+0530 (India Standard Time)","63.80","66.05","58.65","60.80","81.63"
"Mon May 29 2023 09:25:00 GMT+0530 (India Standard Time)","60.80","68.25","60.25","65.25","83.42"
"Mon May 29 2023 09:30:00 GMT+0530 (India Standard Time)","65.10","66.00","60.00","60.60","75.19"
"Mon May 29 2023 09:35:00 GMT+0530 (India Standard Time)","60.60","63.50","57.75","58.60","71.90"
"Mon May 29 2023 09:40:00 GMT+0530 (India Standard Time)","58.60","63.35","57.60","63.00","74.54"
"Mon May 29 2023 09:45:00 GMT+0530 (India Standard Time)","63.00","63.00","59.40","59.40","68.84"
"Mon May 29 2023 09:50:00 GMT+0530 (India Standard Time)","59.70","60.70","57.00","59.45","68.88"
"Mon May 29 2023 09:55:00 GMT+0530 (India Standard Time)","59.40","59.80","53.45","55.40","62.65"
"Mon May 29 2023 10:00:00 GMT+0530 (India Standard Time)","55.40","55.55","51.20","53.00","59.22"
"Mon May 29 2023 10:05:00 GMT+0530 (India Standard Time)","53.00","54.90","51.30","54.00","60.20"
"Mon May 29 2023 10:10:00 GMT+0530 (India Standard Time)","54.00","54.85","52.50","52.90","58.54"
"Mon May 29 2023 10:15:00 GMT+0530 (India Standard Time)","53.10","56.00","51.70","55.60","61.36"
"Mon May 29 2023 10:20:00 GMT+0530 (India Standard Time)","56.00","60.25","55.50","59.50","65.05"
"Mon May 29 2023 10:25:00 GMT+0530 (India Standard Time)","59.50","60.25","57.65","58.10","62.73"
"Mon May 29 2023 10:30:00 GMT+0530 (India Standard Time)","58.10","61.35","57.35","60.85","65.34"
"Mon May 29 2023 10:35:00 GMT+0530 (India Standard Time)","60.85","62.00","59.35","61.95","66.36"
"Mon May 29 2023 10:40:00 GMT+0530 (India Standard Time)","62.30","62.60","60.65","61.85","66.17"
"Mon May 29 2023 10:45:00 GMT+0530 (India Standard Time)","62.00","62.30","61.10","61.40","65.26"
"Mon May 29 2023 10:50:00 GMT+0530 (India Standard Time)","61.40","62.30","60.25","61.85","65.77"
"Mon May 29 2023 10:55:00 GMT+0530 (India Standard Time)","62.00","63.30","57.90","60.70","63.24"
"Mon May 29 2023 11:00:00 GMT+0530 (India Standard Time)","61.00","61.75","59.65","61.10","63.76"
"Mon May 29 2023 11:05:00 GMT+0530 (India Standard Time)","61.10","64.60","60.75","63.65","66.98"
"Mon May 29 2023 11:10:00 GMT+0530 (India Standard Time)","63.65","65.30","63.00","65.30","68.90"
"Mon May 29 2023 11:15:00 GMT+0530 (India Standard Time)","65.85","66.65","63.00","63.65","64.83"
"Mon May 29 2023 11:20:00 GMT+0530 (India Standard Time)","63.65","64.80","62.20","64.50","65.95"
"Mon May 29 2023 11:25:00 GMT+0530 (India Standard Time)","64.50","65.10","61.45","64.90","66.49"
"Mon May 29 2023 11:30:00 GMT+0530 (India Standard Time)","64.55","67.25","63.40","64.00","64.03"
"Mon May 29 2023 11:35:00 GMT+0530 (India Standard Time)","64.00","64.00","61.90","62.05","58.96"
"Mon May 29 2023 11:40:00 GMT+0530 (India Standard Time)","62.05","63.80","61.65","62.15","59.14"
"Mon May 29 2023 11:45:00 GMT+0530 (India Standard Time)","62.15","63.25","60.25","61.15","56.49"
"Mon May 29 2023 11:50:00 GMT+0530 (India Standard Time)","61.15","63.60","60.00","62.40","58.96"
"Mon May 29 2023 11:55:00 GMT+0530 (India Standard Time)","62.40","63.75","62.20","62.50","59.16"
"Mon May 29 2023 12:00:00 GMT+0530 (India Standard Time)","62.50","62.75","60.00","62.25","58.40"
"Mon May 29 2023 12:05:00 GMT+0530 (India Standard Time)","62.25","63.75","60.05","60.30","52.66"
"Mon May 29 2023 12:10:00 GMT+0530 (India Standard Time)","60.30","61.90","60.00","61.65","55.89"
"Mon May 29 2023 12:15:00 GMT+0530 (India Standard Time)","61.65","62.60","60.95","61.30","54.85"
"Mon May 29 2023 12:20:00 GMT+0530 (India Standard Time)","61.05","61.05","58.05","59.55","49.83"
"Mon May 29 2023 12:25:00 GMT+0530 (India Standard Time)","59.00","61.50","58.90","60.05","51.20"
"Mon May 29 2023 12:30:00 GMT+0530 (India Standard Time)","60.10","60.10","54.35","55.70","40.75"
"Mon May 29 2023 12:35:00 GMT+0530 (India Standard Time)","55.50","55.60","53.00","54.90","39.17"
"Mon May 29 2023 12:40:00 GMT+0530 (India Standard Time)","55.00","57.90","54.75","56.65","44.27"
"Mon May 29 2023 12:45:00 GMT+0530 (India Standard Time)","56.65","56.70","54.80","55.40","41.59"
"Mon May 29 2023 12:50:00 GMT+0530 (India Standard Time)","55.40","55.75","52.60","53.35","37.57"
"Mon May 29 2023 12:55:00 GMT+0530 (India Standard Time)","53.35","53.80","50.90","53.35","37.57"
"Mon May 29 2023 13:00:00 GMT+0530 (India Standard Time)","53.35","55.10","52.40","54.55","41.41"
"Mon May 29 2023 13:05:00 GMT+0530 (India Standard Time)","54.55","57.00","53.00","55.20","43.45"
"Mon May 29 2023 13:10:00 GMT+0530 (India Standard Time)","55.20","56.20","53.75","54.80","42.47"
"Mon May 29 2023 13:15:00 GMT+0530 (India Standard Time)","54.80","57.45","54.80","56.85","48.82"
"Mon May 29 2023 13:20:00 GMT+0530 (India Standard Time)","56.85","57.00","55.00","55.75","45.89"
"Mon May 29 2023 13:25:00 GMT+0530 (India Standard Time)","55.45","57.85","54.35","56.90","49.31"
"Mon May 29 2023 13:30:00 GMT+0530 (India Standard Time)","56.95","57.85","55.15","56.75","48.88"
"Mon May 29 2023 13:35:00 GMT+0530 (India Standard Time)","57.40","58.00","56.75","57.15","50.14"
"Mon May 29 2023 13:40:00 GMT+0530 (India Standard Time)","57.15","57.85","55.75","56.90","49.32"
"Mon May 29 2023 13:45:00 GMT+0530 (India Standard Time)","56.90","58.50","55.90","57.35","50.87"
"Mon May 29 2023 13:50:00 GMT+0530 (India Standard Time)","57.95","60.65","57.05","59.80","58.36"
"Mon May 29 2023 13:55:00 GMT+0530 (India Standard Time)","59.80","60.25","58.50","60.00","58.91"
"Mon May 29 2023 14:00:00 GMT+0530 (India Standard Time)","60.00","61.40","59.50","59.90","58.49"
"Mon May 29 2023 14:05:00 GMT+0530 (India Standard Time)","59.95","61.35","59.75","60.60","60.59"
"Mon May 29 2023 14:10:00 GMT+0530 (India Standard Time)","60.85","61.25","59.20","60.70","60.90"
"Mon May 29 2023 14:15:00 GMT+0530 (India Standard Time)","60.70","61.10","58.80","59.00","53.35"
"Mon May 29 2023 14:20:00 GMT+0530 (India Standard Time)","59.00","59.45","53.10","53.20","36.67"
"Mon May 29 2023 14:25:00 GMT+0530 (India Standard Time)","53.00","53.25","47.10","50.95","32.43"
"Mon May 29 2023 14:30:00 GMT+0530 (India Standard Time)","50.75","55.60","48.55","54.85","44.42"
"Mon May 29 2023 14:35:00 GMT+0530 (India Standard Time)","54.95","56.05","52.25","52.25","39.40"
"Mon May 29 2023 14:40:00 GMT+0530 (India Standard Time)","52.25","53.35","49.75","49.80","35.35"
"Mon May 29 2023 14:45:00 GMT+0530 (India Standard Time)","49.25","53.15","48.65","53.15","43.85"
"Mon May 29 2023 14:50:00 GMT+0530 (India Standard Time)","52.80","53.45","49.80","51.75","41.40"
"Mon May 29 2023 14:55:00 GMT+0530 (India Standard Time)","51.75","54.50","50.35","53.30","45.06"
"Mon May 29 2023 15:00:00 GMT+0530 (India Standard Time)","52.85","57.00","51.15","56.55","51.86"
"Mon May 29 2023 15:05:00 GMT+0530 (India Standard Time)","56.30","56.70","52.30","53.50","46.09"
"Mon May 29 2023 15:10:00 GMT+0530 (India Standard Time)","53.50","53.50","49.85","51.20","42.28"
"Mon May 29 2023 15:15:00 GMT+0530 (India Standard Time)","51.20","51.70","49.85","49.95","40.33"
"Mon May 29 2023 15:20:00 GMT+0530 (India Standard Time)","50.00","51.90","50.00","51.35","43.48"
"Mon May 29 2023 15:25:00 GMT+0530 (India Standard Time)","51.55","51.90","49.55","51.25","43.30"
"Tue May 30 2023 09:15:00 GMT+0530 (India Standard Time)","54.00","55.45","45.85","55.20","51.62"
"Tue May 30 2023 09:20:00 GMT+0530 (India Standard Time)","55.35","60.00","54.20","59.45","58.65"
"Tue May 30 2023 09:25:00 GMT+0530 (India Standard Time)","60.00","63.00","58.45","61.30","61.29"
"Tue May 30 2023 09:30:00 GMT+0530 (India Standard Time)","61.60","62.00","58.70","59.60","57.65"
"Tue May 30 2023 09:35:00 GMT+0530 (India Standard Time)","59.50","59.75","55.00","57.25","52.97"
"Tue May 30 2023 09:40:00 GMT+0530 (India Standard Time)","57.25","62.00","56.55","61.70","59.65"
"Tue May 30 2023 09:45:00 GMT+0530 (India Standard Time)","61.70","62.40","59.95","60.30","56.91"
"Tue May 30 2023 09:50:00 GMT+0530 (India Standard Time)","60.30","64.15","60.30","62.30","59.76"
"Tue May 30 2023 09:55:00 GMT+0530 (India Standard Time)","62.30","62.90","59.05","60.90","56.92"
"Tue May 30 2023 10:00:00 GMT+0530 (India Standard Time)","60.90","62.20","60.00","61.55","57.92"
"Tue May 30 2023 10:05:00 GMT+0530 (India Standard Time)","61.25","64.05","61.25","63.75","61.19"
"Tue May 30 2023 10:10:00 GMT+0530 (India Standard Time)","63.75","67.75","63.75","67.25","65.76"
"Tue May 30 2023 10:15:00 GMT+0530 (India Standard Time)","67.25","69.85","65.90","66.40","63.80"
"Tue May 30 2023 10:20:00 GMT+0530 (India Standard Time)","66.40","69.25","65.20","65.25","61.14"
"Tue May 30 2023 10:25:00 GMT+0530 (India Standard Time)","64.80","65.25","60.75","60.80","52.09"
"Tue May 30 2023 10:30:00 GMT+0530 (India Standard Time)","59.85","60.80","56.60","60.30","51.18"
"Tue May 30 2023 10:35:00 GMT+0530 (India Standard Time)","60.30","60.65","56.80","57.60","46.43"
"Tue May 30 2023 10:40:00 GMT+0530 (India Standard Time)","57.60","59.85","55.65","57.90","47.01"
"Tue May 30 2023 10:45:00 GMT+0530 (India Standard Time)","57.90","59.40","51.15","52.05","38.20"
"Tue May 30 2023 10:50:00 GMT+0530 (India Standard Time)","52.00","52.40","49.50","50.35","36.09"
"Tue May 30 2023 10:55:00 GMT+0530 (India Standard Time)","50.35","51.00","46.50","47.65","32.96"
"Tue May 30 2023 11:00:00 GMT+0530 (India Standard Time)","47.60","51.65","46.35","51.30","40.47"
"Tue May 30 2023 11:05:00 GMT+0530 (India Standard Time)","50.95","53.65","50.50","51.70","41.24"
"Tue May 30 2023 11:10:00 GMT+0530 (India Standard Time)","51.70","52.40","48.50","49.55","38.35"
"Tue May 30 2023 11:15:00 GMT+0530 (India Standard Time)","49.35","51.85","47.75","48.00","36.37"
"Tue May 30 2023 11:20:00 GMT+0530 (India Standard Time)","48.10","50.90","47.35","50.40","41.41"
"Tue May 30 2023 11:25:00 GMT+0530 (India Standard Time)","50.45","52.75","49.20","52.75","45.94"
"Tue May 30 2023 11:30:00 GMT+0530 (India Standard Time)","52.60","55.45","52.20","53.90","48.05"
"Tue May 30 2023 11:35:00 GMT+0530 (India Standard Time)","53.90","55.10","51.55","51.95","44.85"
"Tue May 30 2023 11:40:00 GMT+0530 (India Standard Time)","51.70","52.65","49.00","50.15","42.06"
"Tue May 30 2023 11:45:00 GMT+0530 (India Standard Time)","50.00","51.45","49.75","50.10","41.98"
"Tue May 30 2023 11:50:00 GMT+0530 (India Standard Time)","50.10","51.00","49.10","49.30","40.68"
"Tue May 30 2023 11:55:00 GMT+0530 (India Standard Time)","49.30","49.30","47.40","47.60","37.99"
"Tue May 30 2023 12:00:00 GMT+0530 (India Standard Time)","47.75","50.20","47.60","50.00","43.66"
"Tue May 30 2023 12:05:00 GMT+0530 (India Standard Time)","50.00","51.05","49.40","50.40","44.57"
"Tue May 30 2023 12:10:00 GMT+0530 (India Standard Time)","50.40","52.30","50.15","51.40","46.88"
"Tue May 30 2023 12:15:00 GMT+0530 (India Standard Time)","51.55","53.60","51.40","53.35","51.15"
"Tue May 30 2023 12:20:00 GMT+0530 (India Standard Time)","53.35","53.60","50.00","50.45","45.31"
"Tue May 30 2023 12:25:00 GMT+0530 (India Standard Time)","50.45","50.45","48.90","50.25","44.93"
"Tue May 30 2023 12:30:00 GMT+0530 (India Standard Time)","50.25","50.75","47.55","48.75","42.08"
"Tue May 30 2023 12:35:00 GMT+0530 (India Standard Time)","48.85","49.20","47.95","48.50","41.60"
"Tue May 30 2023 12:40:00 GMT+0530 (India Standard Time)","48.50","48.80","45.40","45.40","36.16"
"Tue May 30 2023 12:45:00 GMT+0530 (India Standard Time)","45.40","47.30","44.85","46.85","40.11"
"Tue May 30 2023 12:50:00 GMT+0530 (India Standard Time)","46.80","48.55","46.40","48.15","43.48"
"Tue May 30 2023 12:55:00 GMT+0530 (India Standard Time)","48.15","50.00","47.50","48.85","45.27"
"Tue May 30 2023 13:00:00 GMT+0530 (India Standard Time)","48.85","50.20","48.85","50.20","48.65"
"Tue May 30 2023 13:05:00 GMT+0530 (India Standard Time)","50.20","50.95","49.75","50.30","48.90"
"Tue May 30 2023 13:10:00 GMT+0530 (India Standard Time)","50.30","51.10","49.35","49.90","47.89"
"Tue May 30 2023 13:15:00 GMT+0530 (India Standard Time)","49.90","51.65","49.50","51.15","51.27"
"Tue May 30 2023 13:20:00 GMT+0530 (India Standard Time)","51.15","51.60","47.65","49.30","46.46"
"Tue May 30 2023 13:25:00 GMT+0530 (India Standard Time)","49.30","52.80","49.30","51.05","51.13"
"Tue May 30 2023 13:30:00 GMT+0530 (India Standard Time)","51.05","51.70","49.50","50.30","49.15"
"Tue May 30 2023 13:35:00 GMT+0530 (India Standard Time)","50.40","53.40","50.30","53.00","55.79"
"Tue May 30 2023 13:40:00 GMT+0530 (India Standard Time)","53.60","53.95","50.30","51.85","52.64"
"Tue May 30 2023 13:45:00 GMT+0530 (India Standard Time)","52.00","52.60","50.70","51.80","52.50"
"Tue May 30 2023 13:50:00 GMT+0530 (India Standard Time)","51.80","53.15","51.00","52.50","54.32"
"Tue May 30 2023 13:55:00 GMT+0530 (India Standard Time)","52.50","52.80","49.80","50.40","48.34"
"Tue May 30 2023 14:00:00 GMT+0530 (India Standard Time)","50.40","53.55","49.30","52.30","53.34"
"Tue May 30 2023 14:05:00 GMT+0530 (India Standard Time)","52.10","54.00","52.10","53.20","55.54"
"Tue May 30 2023 14:10:00 GMT+0530 (India Standard Time)","53.40","53.70","51.50","53.05","55.07"
"Tue May 30 2023 14:15:00 GMT+0530 (India Standard Time)","53.05","53.85","52.35","53.25","55.61"
"Tue May 30 2023 14:20:00 GMT+0530 (India Standard Time)","53.25","54.95","52.25","54.70","59.38"
"Tue May 30 2023 14:25:00 GMT+0530 (India Standard Time)","54.45","55.00","51.45","52.05","50.88"
"Tue May 30 2023 14:30:00 GMT+0530 (India Standard Time)","52.00","58.30","50.25","57.95","63.43"
"Tue May 30 2023 14:35:00 GMT+0530 (India Standard Time)","57.95","59.25","56.50","58.15","63.77"
"Tue May 30 2023 14:40:00 GMT+0530 (India Standard Time)","58.15","59.10","57.55","58.00","63.29"
"Tue May 30 2023 14:45:00 GMT+0530 (India Standard Time)","58.05","58.10","53.65","54.75","53.96"
"Tue May 30 2023 14:50:00 GMT+0530 (India Standard Time)","54.15","56.85","54.15","55.60","55.80"
"Tue May 30 2023 14:55:00 GMT+0530 (India Standard Time)","55.60","57.10","55.20","56.50","57.72"
"Tue May 30 2023 15:00:00 GMT+0530 (India Standard Time)","56.50","57.50","51.15","54.10","51.31"
"Tue May 30 2023 15:05:00 GMT+0530 (India Standard Time)","53.95","56.35","51.60","55.80","55.11"
"Tue May 30 2023 15:10:00 GMT+0530 (India Standard Time)","56.10","57.45","54.65","55.10","53.27"
"Tue May 30 2023 15:15:00 GMT+0530 (India Standard Time)","55.10","56.75","55.10","56.30","55.99"
"Tue May 30 2023 15:20:00 GMT+0530 (India Standard Time)","56.55","58.35","56.00","58.20","59.96"
"Tue May 30 2023 15:25:00 GMT+0530 (India Standard Time)","58.15","60.00","57.90","59.00","61.54"
"Wed May 31 2023 09:15:00 GMT+0530 (India Standard Time)","57.70","57.70","36.65","36.95","28.40"
"Wed May 31 2023 09:20:00 GMT+0530 (India Standard Time)","36.50","36.95","33.80","36.40","27.99"
"Wed May 31 2023 09:25:00 GMT+0530 (India Standard Time)","36.00","36.65","33.00","34.85","26.83"
"Wed May 31 2023 09:30:00 GMT+0530 (India Standard Time)","34.50","34.90","33.25","34.25","26.38"
"Wed May 31 2023 09:35:00 GMT+0530 (India Standard Time)","34.20","35.75","33.35","33.65","25.90"
"Wed May 31 2023 09:40:00 GMT+0530 (India Standard Time)","33.40","34.05","31.30","32.85","25.25"
"Wed May 31 2023 09:45:00 GMT+0530 (India Standard Time)","32.85","34.90","32.35","34.80","29.88"
"Wed May 31 2023 09:50:00 GMT+0530 (India Standard Time)","35.40","35.75","32.40","33.05","28.19"
"Wed May 31 2023 09:55:00 GMT+0530 (India Standard Time)","33.05","33.50","31.20","33.50","29.30"
"Wed May 31 2023 10:00:00 GMT+0530 (India Standard Time)","33.50","35.70","33.20","34.95","32.89"
"Wed May 31 2023 10:05:00 GMT+0530 (India Standard Time)","35.15","35.60","34.35","34.80","32.70"
"Wed May 31 2023 10:10:00 GMT+0530 (India Standard Time)","34.80","37.30","34.50","35.65","34.93"
"Wed May 31 2023 10:15:00 GMT+0530 (India Standard Time)","35.80","36.30","34.25","34.45","33.26"
"Wed May 31 2023 10:20:00 GMT+0530 (India Standard Time)","34.45","34.75","32.20","32.60","30.80"
"Wed May 31 2023 10:25:00 GMT+0530 (India Standard Time)","32.20","32.85","31.25","32.00","30.03"
"Wed May 31 2023 10:30:00 GMT+0530 (India Standard Time)","31.85","32.50","29.40","29.50","26.98"
"Wed May 31 2023 10:35:00 GMT+0530 (India Standard Time)","29.50","30.65","29.10","29.90","28.24"
"Wed May 31 2023 10:40:00 GMT+0530 (India Standard Time)","29.95","30.80","29.45","30.25","29.38"
"Wed May 31 2023 10:45:00 GMT+0530 (India Standard Time)","30.25","31.05","29.95","30.90","31.56"
"Wed May 31 2023 10:50:00 GMT+0530 (India Standard Time)","30.90","31.80","30.55","31.80","34.57"
"Wed May 31 2023 10:55:00 GMT+0530 (India Standard Time)","31.65","31.80","30.20","31.15","33.43"
"Wed May 31 2023 11:00:00 GMT+0530 (India Standard Time)","31.15","31.25","30.20","30.35","32.02"
"Wed May 31 2023 11:05:00 GMT+0530 (India Standard Time)","30.45","31.35","30.10","31.35","35.66"
"Wed May 31 2023 11:10:00 GMT+0530 (India Standard Time)","31.25","31.65","30.10","30.20","33.44"
"Wed May 31 2023 11:15:00 GMT+0530 (India Standard Time)","30.10","30.90","29.70","30.85","35.87"
"Wed May 31 2023 11:20:00 GMT+0530 (India Standard Time)","30.85","31.25","30.00","30.25","34.61"
"Wed May 31 2023 11:25:00 GMT+0530 (India Standard Time)","30.25","30.40","28.30","28.90","31.91"
"Wed May 31 2023 11:30:00 GMT+0530 (India Standard Time)","28.90","28.90","26.60","26.70","28.06"
"Wed May 31 2023 11:35:00 GMT+0530 (India Standard Time)","26.70","27.25","26.40","27.05","29.52"
"Wed May 31 2023 11:40:00 GMT+0530 (India Standard Time)","27.05","27.15","26.55","27.00","29.43"
"Wed May 31 2023 11:45:00 GMT+0530 (India Standard Time)","26.95","27.00","25.65","26.30","28.11"
"Wed May 31 2023 11:50:00 GMT+0530 (India Standard Time)","26.35","26.60","25.30","25.60","26.82"
"Wed May 31 2023 11:55:00 GMT+0530 (India Standard Time)","25.60","26.10","25.15","25.95","28.59"
"Wed May 31 2023 12:00:00 GMT+0530 (India Standard Time)","25.85","26.30","25.05","25.05","26.80"
"Wed May 31 2023 12:05:00 GMT+0530 (India Standard Time)","25.15","25.40","24.45","24.95","26.60"
"Wed May 31 2023 12:10:00 GMT+0530 (India Standard Time)","24.95","25.75","24.75","25.35","28.88"
"Wed May 31 2023 12:15:00 GMT+0530 (India Standard Time)","25.45","26.90","23.90","26.65","35.85"
"Wed May 31 2023 12:20:00 GMT+0530 (India Standard Time)","26.65","27.10","26.10","26.30","34.86"
"Wed May 31 2023 12:25:00 GMT+0530 (India Standard Time)","26.20","26.85","25.75","25.75","33.30"
"Wed May 31 2023 12:30:00 GMT+0530 (India Standard Time)","25.60","26.80","25.00","25.65","33.01"
"Wed May 31 2023 12:35:00 GMT+0530 (India Standard Time)","25.65","26.85","25.50","26.50","37.94"
"Wed May 31 2023 12:40:00 GMT+0530 (India Standard Time)","26.50","27.75","26.15","27.75","44.42"
"Wed May 31 2023 12:45:00 GMT+0530 (India Standard Time)","27.75","28.50","26.40","26.85","41.09"
"Wed May 31 2023 12:50:00 GMT+0530 (India Standard Time)","26.85","27.15","25.05","26.00","38.18"
"Wed May 31 2023 12:55:00 GMT+0530 (India Standard Time)","26.00","28.15","25.85","28.00","47.58"
"Wed May 31 2023 13:00:00 GMT+0530 (India Standard Time)","28.00","28.05","26.05","26.15","41.32"
"Wed May 31 2023 13:05:00 GMT+0530 (India Standard Time)","26.15","27.45","25.95","27.25","45.88"
"Wed May 31 2023 13:10:00 GMT+0530 (India Standard Time)","27.30","27.70","26.45","26.55","43.56"
"Wed May 31 2023 13:15:00 GMT+0530 (India Standard Time)","26.50","27.90","26.30","27.55","47.63"
"Wed May 31 2023 13:20:00 GMT+0530 (India Standard Time)","27.55","27.90","27.10","27.65","48.04"
"Wed May 31 2023 13:25:00 GMT+0530 (India Standard Time)","27.65","28.60","27.30","28.40","51.08"
"Wed May 31 2023 13:30:00 GMT+0530 (India Standard Time)","28.40","28.50","27.30","28.05","49.62"
"Wed May 31 2023 13:35:00 GMT+0530 (India Standard Time)","28.10","29.30","27.90","27.90","48.97"
"Wed May 31 2023 13:40:00 GMT+0530 (India Standard Time)","28.00","28.60","27.00","28.15","50.14"
"Wed May 31 2023 13:45:00 GMT+0530 (India Standard Time)","28.15","29.05","27.50","27.95","49.17"
"Wed May 31 2023 13:50:00 GMT+0530 (India Standard Time)","27.95","28.65","27.00","28.40","51.44"
"Wed May 31 2023 13:55:00 GMT+0530 (India Standard Time)","28.60","29.90","28.60","29.70","57.37"
"Wed May 31 2023 14:00:00 GMT+0530 (India Standard Time)","29.60","30.20","27.90","28.40","50.71"
"Wed May 31 2023 14:05:00 GMT+0530 (India Standard Time)","28.35","28.65","25.60","25.70","40.24"
"Wed May 31 2023 14:10:00 GMT+0530 (India Standard Time)","25.70","27.40","25.45","27.20","46.81"
"Wed May 31 2023 14:15:00 GMT+0530 (India Standard Time)","27.20","27.90","26.40","27.65","48.63"
"Wed May 31 2023 14:20:00 GMT+0530 (India Standard Time)","27.65","29.05","27.35","28.60","52.35"
"Wed May 31 2023 14:25:00 GMT+0530 (India Standard Time)","28.60","29.40","28.25","29.05","54.04"
"Wed May 31 2023 14:30:00 GMT+0530 (India Standard Time)","29.10","29.45","28.25","28.95","53.59"
"Wed May 31 2023 14:35:00 GMT+0530 (India Standard Time)","28.60","29.70","27.40","29.65","56.36"
"Wed May 31 2023 14:40:00 GMT+0530 (India Standard Time)","29.60","29.75","28.40","28.85","52.50"
"Wed May 31 2023 14:45:00 GMT+0530 (India Standard Time)","29.00","30.15","28.60","29.80","56.33"
"Wed May 31 2023 14:50:00 GMT+0530 (India Standard Time)","29.80","30.70","29.20","30.60","59.30"
"Wed May 31 2023 14:55:00 GMT+0530 (India Standard Time)","30.70","31.35","28.55","31.15","61.26"
"Wed May 31 2023 15:00:00 GMT+0530 (India Standard Time)","31.55","33.00","27.55","28.10","47.60"
"Wed May 31 2023 15:05:00 GMT+0530 (India Standard Time)","28.25","29.40","27.00","28.65","49.78"
"Wed May 31 2023 15:10:00 GMT+0530 (India Standard Time)","28.90","29.80","28.35","28.75","50.18"
"Wed May 31 2023 15:15:00 GMT+0530 (India Standard Time)","28.70","30.25","28.30","30.15","55.58"
"Wed May 31 2023 15:20:00 GMT+0530 (India Standard Time)","30.40","31.10","28.50","29.80","54.00"
"Wed May 31 2023 15:25:00 GMT+0530 (India Standard Time)","29.65","30.00","27.80","28.80","49.67"
"Thu Jun 01 2023 09:15:00 GMT+0530 (India Standard Time)","29.65","34.75","23.50","27.25","43.81"
"Thu Jun 01 2023 09:20:00 GMT+0530 (India Standard Time)","27.40","27.85","23.95","24.60","35.98"
"Thu Jun 01 2023 09:25:00 GMT+0530 (India Standard Time)","24.25","24.60","21.65","21.75","29.82"
"Thu Jun 01 2023 09:30:00 GMT+0530 (India Standard Time)","21.35","27.25","21.15","26.90","47.37"
"Thu Jun 01 2023 09:35:00 GMT+0530 (India Standard Time)","26.95","27.80","26.05","27.20","48.18"
"Thu Jun 01 2023 09:40:00 GMT+0530 (India Standard Time)","27.10","29.95","25.35","29.55","54.16"
"Thu Jun 01 2023 09:45:00 GMT+0530 (India Standard Time)","29.55","30.50","28.35","30.50","56.35"
"Thu Jun 01 2023 09:50:00 GMT+0530 (India Standard Time)","30.50","31.75","29.30","30.90","57.27"
"Thu Jun 01 2023 09:55:00 GMT+0530 (India Standard Time)","30.95","31.90","29.55","30.20","55.07"
"Thu Jun 01 2023 10:00:00 GMT+0530 (India Standard Time)","30.30","31.15","28.40","31.15","57.46"
"Thu Jun 01 2023 10:05:00 GMT+0530 (India Standard Time)","31.15","31.50","28.20","29.25","51.56"
"Thu Jun 01 2023 10:10:00 GMT+0530 (India Standard Time)","28.95","29.30","27.55","27.55","46.91"
"Thu Jun 01 2023 10:15:00 GMT+0530 (India Standard Time)","27.75","27.80","26.30","27.00","45.48"
"Thu Jun 01 2023 10:20:00 GMT+0530 (India Standard Time)","26.90","28.15","25.30","26.50","44.17"
"Thu Jun 01 2023 10:25:00 GMT+0530 (India Standard Time)","26.55","28.00","26.20","27.35","46.97"
"Thu Jun 01 2023 10:30:00 GMT+0530 (India Standard Time)","27.00","28.25","25.50","27.40","47.14"
"Thu Jun 01 2023 10:35:00 GMT+0530 (India Standard Time)","27.45","28.15","27.20","27.70","48.21"
"Thu Jun 01 2023 10:40:00 GMT+0530 (India Standard Time)","27.65","28.00","26.70","26.95","45.73"
"Thu Jun 01 2023 10:45:00 GMT+0530 (India Standard Time)","26.95","26.95","25.25","25.85","42.30"
"Thu Jun 01 2023 10:50:00 GMT+0530 (India Standard Time)","25.70","26.65","25.20","26.50","44.93"
"Thu Jun 01 2023 10:55:00 GMT+0530 (India Standard Time)","26.35","26.50","25.10","26.40","44.59"
"Thu Jun 01 2023 11:00:00 GMT+0530 (India Standard Time)","26.20","26.60","25.05","25.50","41.57"
"Thu Jun 01 2023 11:05:00 GMT+0530 (India Standard Time)","25.65","26.20","25.15","26.00","43.85"
"Thu Jun 01 2023 11:10:00 GMT+0530 (India Standard Time)","26.00","27.30","25.75","27.05","48.39"
"Thu Jun 01 2023 11:15:00 GMT+0530 (India Standard Time)","27.10","28.10","26.85","27.80","51.42"
"Thu Jun 01 2023 11:20:00 GMT+0530 (India Standard Time)","27.65","27.90","27.05","27.55","50.36"
"Thu Jun 01 2023 11:25:00 GMT+0530 (India Standard Time)","27.55","27.85","25.05","25.50","42.60"
"Thu Jun 01 2023 11:30:00 GMT+0530 (India Standard Time)","25.45","25.70","24.70","25.15","41.43"
"Thu Jun 01 2023 11:35:00 GMT+0530 (India Standard Time)","25.15","25.30","24.85","24.90","40.57"
"Thu Jun 01 2023 11:40:00 GMT+0530 (India Standard Time)","24.90","24.95","24.00","24.05","37.71"
"Thu Jun 01 2023 11:45:00 GMT+0530 (India Standard Time)","24.15","25.35","23.60","25.10","43.05"
"Thu Jun 01 2023 11:50:00 GMT+0530 (India Standard Time)","25.20","25.70","22.80","24.80","41.95"
"Thu Jun 01 2023 11:55:00 GMT+0530 (India Standard Time)","24.80","24.80","23.90","24.20","39.74"
"Thu Jun 01 2023 12:00:00 GMT+0530 (India Standard Time)","24.15","24.85","20.00","22.90","35.41"
"Thu Jun 01 2023 12:05:00 GMT+0530 (India Standard Time)","22.75","23.40","21.20","21.20","30.69"
"Thu Jun 01 2023 12:10:00 GMT+0530 (India Standard Time)","21.20","21.35","20.45","20.70","29.45"
"Thu Jun 01 2023 12:15:00 GMT+0530 (India Standard Time)","20.70","22.00","20.15","21.80","35.62"
"Thu Jun 01 2023 12:20:00 GMT+0530 (India Standard Time)","21.95","22.30","21.55","22.05","36.97"
"Thu Jun 01 2023 12:25:00 GMT+0530 (India Standard Time)","22.05","22.30","21.25","21.50","35.22"
"Thu Jun 01 2023 12:30:00 GMT+0530 (India Standard Time)","21.45","22.30","21.05","22.25","39.43"
"Thu Jun 01 2023 12:35:00 GMT+0530 (India Standard Time)","22.30","23.15","22.15","22.40","40.27"
"Thu Jun 01 2023 12:40:00 GMT+0530 (India Standard Time)","22.40","23.30","21.75","22.90","43.09"
"Thu Jun 01 2023 12:45:00 GMT+0530 (India Standard Time)","22.90","23.20","22.15","22.35","40.81"
"Thu Jun 01 2023 12:50:00 GMT+0530 (India Standard Time)","22.40","22.65","21.70","22.45","41.42"
"Thu Jun 01 2023 12:55:00 GMT+0530 (India Standard Time)","22.50","22.80","21.95","22.05","39.66"
"Thu Jun 01 2023 13:00:00 GMT+0530 (India Standard Time)","21.90","22.80","21.70","21.90","38.99"
"Thu Jun 01 2023 13:05:00 GMT+0530 (India Standard Time)","21.95","22.45","21.75","21.90","38.99"
"Thu Jun 01 2023 13:10:00 GMT+0530 (India Standard Time)","21.90","23.05","21.75","23.05","46.93"
"Thu Jun 01 2023 13:15:00 GMT+0530 (India Standard Time)","23.20","24.30","21.40","22.40","43.49"
"Thu Jun 01 2023 13:20:00 GMT+0530 (India Standard Time)","22.45","23.30","22.20","22.85","46.42"
"Thu Jun 01 2023 13:25:00 GMT+0530 (India Standard Time)","22.95","23.00","22.40","22.50","44.48"
"Thu Jun 01 2023 13:30:00 GMT+0530 (India Standard Time)","22.55","22.65","21.90","22.40","43.92"
"Thu Jun 01 2023 13:35:00 GMT+0530 (India Standard Time)","22.40","22.70","21.30","21.55","39.36"
"Thu Jun 01 2023 13:40:00 GMT+0530 (India Standard Time)","21.70","22.05","21.30","21.70","40.54"
"Thu Jun 01 2023 13:45:00 GMT+0530 (India Standard Time)","21.60","21.60","20.20","20.50","34.75"
"Thu Jun 01 2023 13:50:00 GMT+0530 (India Standard Time)","20.35","20.90","18.50","18.95","28.99"
"Thu Jun 01 2023 13:55:00 GMT+0530 (India Standard Time)","18.95","19.70","18.05","19.00","29.40"
"Thu Jun 01 2023 14:00:00 GMT+0530 (India Standard Time)","18.95","20.25","18.95","20.25","38.82"
"Thu Jun 01 2023 14:05:00 GMT+0530 (India Standard Time)","20.15","20.75","19.90","20.70","41.84"
"Thu Jun 01 2023 14:10:00 GMT+0530 (India Standard Time)","20.70","20.90","18.70","19.35","36.10"
"Thu Jun 01 2023 14:15:00 GMT+0530 (India Standard Time)","19.35","20.45","19.35","20.10","40.94"
"Thu Jun 01 2023 14:20:00 GMT+0530 (India Standard Time)","20.10","20.10","18.10","18.25","34.08"
"Thu Jun 01 2023 14:25:00 GMT+0530 (India Standard Time)","18.25","19.80","17.85","19.80","42.74"
"Thu Jun 01 2023 14:30:00 GMT+0530 (India Standard Time)","19.85","20.00","18.30","18.90","39.50"
"Thu Jun 01 2023 14:35:00 GMT+0530 (India Standard Time)","18.90","18.90","17.80","18.60","38.45"
"Thu Jun 01 2023 14:40:00 GMT+0530 (India Standard Time)","18.55","19.05","17.65","17.85","35.88"
"Thu Jun 01 2023 14:45:00 GMT+0530 (India Standard Time)","17.85","19.20","17.30","18.05","37.09"
"Thu Jun 01 2023 14:50:00 GMT+0530 (India Standard Time)","17.95","19.40","17.90","19.10","43.13"
"Thu Jun 01 2023 14:55:00 GMT+0530 (India Standard Time)","18.95","20.30","18.75","19.30","44.23"
"Thu Jun 01 2023 15:00:00 GMT+0530 (India Standard Time)","19.70","20.10","17.50","17.50","37.25"
"Thu Jun 01 2023 15:05:00 GMT+0530 (India Standard Time)","17.55","18.20","15.65","15.65","31.72"
"Thu Jun 01 2023 15:10:00 GMT+0530 (India Standard Time)","15.70","17.50","15.60","16.15","34.55"
"Thu Jun 01 2023 15:15:00 GMT+0530 (India Standard Time)","16.15","16.30","14.20","14.45","29.99"
"Thu Jun 01 2023 15:20:00 GMT+0530 (India Standard Time)","14.45","16.85","14.35","16.25","39.14"
"Thu Jun 01 2023 15:25:00 GMT+0530 (India Standard Time)","16.25","16.50","15.70","15.95","38.24"
"Fri Jun 02 2023 09:15:00 GMT+0530 (India Standard Time)","20.30","22.65","18.60","22.00","58.77"
"Fri Jun 02 2023 09:20:00 GMT+0530 (India Standard Time)","22.20","22.80","19.70","20.25","53.25"
"Fri Jun 02 2023 09:25:00 GMT+0530 (India Standard Time)","20.25","20.40","18.50","19.05","49.80"
"Fri Jun 02 2023 09:30:00 GMT+0530 (India Standard Time)","19.35","20.80","19.15","19.65","51.50"
"Fri Jun 02 2023 09:35:00 GMT+0530 (India Standard Time)","19.35","20.15","18.05","18.20","47.34"
"Fri Jun 02 2023 09:40:00 GMT+0530 (India Standard Time)","18.10","19.05","17.80","18.30","47.66"
"Fri Jun 02 2023 09:45:00 GMT+0530 (India Standard Time)","18.35","18.75","16.15","16.45","42.60"
"Fri Jun 02 2023 09:50:00 GMT+0530 (India Standard Time)","16.35","16.70","14.80","15.25","39.66"
"Fri Jun 02 2023 09:55:00 GMT+0530 (India Standard Time)","15.15","15.60","13.85","13.85","36.50"
"Fri Jun 02 2023 10:00:00 GMT+0530 (India Standard Time)","13.80","13.95","12.55","13.25","35.21"
"Fri Jun 02 2023 10:05:00 GMT+0530 (India Standard Time)","13.20","14.10","12.55","14.00","38.16"
"Fri Jun 02 2023 10:10:00 GMT+0530 (India Standard Time)","13.95","14.05","12.65","12.90","35.60"
"Fri Jun 02 2023 10:15:00 GMT+0530 (India Standard Time)","12.85","13.35","12.10","13.20","36.84"
"Fri Jun 02 2023 10:20:00 GMT+0530 (India Standard Time)","13.15","13.35","12.30","12.40","34.90"
"Fri Jun 02 2023 10:25:00 GMT+0530 (India Standard Time)","12.30","13.00","12.10","12.90","37.13"
"Fri Jun 02 2023 10:30:00 GMT+0530 (India Standard Time)","12.85","13.60","12.65","13.50","39.79"
"Fri Jun 02 2023 10:35:00 GMT+0530 (India Standard Time)","13.45","14.20","13.40","14.05","42.21"
"Fri Jun 02 2023 10:40:00 GMT+0530 (India Standard Time)","14.10","14.45","13.35","14.10","42.44"
"Fri Jun 02 2023 10:45:00 GMT+0530 (India Standard Time)","14.10","14.55","13.65","14.40","43.86"
"Fri Jun 02 2023 10:50:00 GMT+0530 (India Standard Time)","14.30","14.90","14.15","14.75","45.54"
"Fri Jun 02 2023 10:55:00 GMT+0530 (India Standard Time)","14.75","14.90","14.05","14.35","43.92"
"Fri Jun 02 2023 11:00:00 GMT+0530 (India Standard Time)","14.40","14.80","13.40","13.50","40.60"
"Fri Jun 02 2023 11:05:00 GMT+0530 (India Standard Time)","13.50","14.25","13.45","13.95","43.05"
"Fri Jun 02 2023 11:10:00 GMT+0530 (India Standard Time)","13.95","14.85","13.85","14.75","47.22"
"Fri Jun 02 2023 11:15:00 GMT+0530 (India Standard Time)","14.70","14.85","13.80","14.30","45.22"
"Fri Jun 02 2023 11:20:00 GMT+0530 (India Standard Time)","14.20","14.55","13.85","14.05","44.10"
"Fri Jun 02 2023 11:25:00 GMT+0530 (India Standard Time)","14.00","14.40","13.60","14.05","44.10"
"Fri Jun 02 2023 11:30:00 GMT+0530 (India Standard Time)","14.05","15.20","13.60","15.15","50.37"
"Fri Jun 02 2023 11:35:00 GMT+0530 (India Standard Time)","15.30","15.40","14.60","14.75","48.25"
"Fri Jun 02 2023 11:40:00 GMT+0530 (India Standard Time)","14.75","14.80","14.00","14.60","47.44"
"Fri Jun 02 2023 11:45:00 GMT+0530 (India Standard Time)","14.55","14.85","14.00","14.35","46.06"
"Fri Jun 02 2023 11:50:00 GMT+0530 (India Standard Time)","14.35","15.35","14.35","15.20","51.26"
"Fri Jun 02 2023 11:55:00 GMT+0530 (India Standard Time)","15.15","15.75","14.80","15.35","52.14"
"Fri Jun 02 2023 12:00:00 GMT+0530 (India Standard Time)","15.45","16.10","14.90","15.40","52.45"
"Fri Jun 02 2023 12:05:00 GMT+0530 (India Standard Time)","15.45","15.70","15.10","15.55","53.41"
"Fri Jun 02 2023 12:10:00 GMT+0530 (India Standard Time)","15.55","15.60","14.95","14.95","49.11"
"Fri Jun 02 2023 12:15:00 GMT+0530 (India Standard Time)","15.05","15.05","14.00","14.60","46.75"
"Fri Jun 02 2023 12:20:00 GMT+0530 (India Standard Time)","14.60","14.70","13.60","13.60","40.72"
"Fri Jun 02 2023 12:25:00 GMT+0530 (India Standard Time)","13.60","14.55","13.05","14.10","44.57"
"Fri Jun 02 2023 12:30:00 GMT+0530 (India Standard Time)","14.05","14.95","13.90","14.95","50.46"
"Fri Jun 02 2023 12:35:00 GMT+0530 (India Standard Time)","14.95","15.45","14.60","15.40","53.29"
"Fri Jun 02 2023 12:40:00 GMT+0530 (India Standard Time)","15.45","15.55","14.30","14.45","47.17"
"Fri Jun 02 2023 12:45:00 GMT+0530 (India Standard Time)","14.50","15.45","14.25","15.20","51.87"
"Fri Jun 02 2023 12:50:00 GMT+0530 (India Standard Time)","15.20","15.30","14.70","15.00","50.58"
"Fri Jun 02 2023 12:55:00 GMT+0530 (India Standard Time)","15.00","15.30","14.45","14.75","48.93"
"Fri Jun 02 2023 13:00:00 GMT+0530 (India Standard Time)","14.75","15.70","14.70","14.85","49.64"
"Fri Jun 02 2023 13:05:00 GMT+0530 (India Standard Time)","14.85","15.65","13.75","15.65","54.99"
"Fri Jun 02 2023 13:10:00 GMT+0530 (India Standard Time)","15.60","16.45","15.35","16.10","57.71"
"Fri Jun 02 2023 13:15:00 GMT+0530 (India Standard Time)","16.05","16.25","15.60","16.05","57.29"
"Fri Jun 02 2023 13:20:00 GMT+0530 (India Standard Time)","16.00","17.25","15.85","16.05","57.29"
"Fri Jun 02 2023 13:25:00 GMT+0530 (India Standard Time)","16.00","17.30","15.50","17.20","64.16"
"Fri Jun 02 2023 13:30:00 GMT+0530 (India Standard Time)","17.35","18.20","17.20","17.75","66.90"
"Fri Jun 02 2023 13:35:00 GMT+0530 (India Standard Time)","17.85","17.95","16.80","17.25","62.24"
"Fri Jun 02 2023 13:40:00 GMT+0530 (India Standard Time)","17.25","19.00","17.20","18.55","68.40"
"Fri Jun 02 2023 13:45:00 GMT+0530 (India Standard Time)","18.60","18.90","18.00","18.65","68.82"
"Fri Jun 02 2023 13:50:00 GMT+0530 (India Standard Time)","18.75","18.90","16.85","17.10","56.29"
"Fri Jun 02 2023 13:55:00 GMT+0530 (India Standard Time)","17.20","17.45","15.90","16.80","54.23"
"Fri Jun 02 2023 14:00:00 GMT+0530 (India Standard Time)","16.85","17.60","16.60","16.75","53.88"
"Fri Jun 02 2023 14:05:00 GMT+0530 (India Standard Time)","16.70","17.15","14.30","14.60","41.38"
"Fri Jun 02 2023 14:10:00 GMT+0530 (India Standard Time)","14.50","14.70","13.40","13.90","38.27"
"Fri Jun 02 2023 14:15:00 GMT+0530 (India Standard Time)","13.80","13.90","11.20","11.35","29.55"
"Fri Jun 02 2023 14:20:00 GMT+0530 (India Standard Time)","11.35","11.45","10.00","10.95","28.46"
"Fri Jun 02 2023 14:25:00 GMT+0530 (India Standard Time)","10.90","11.45","10.75","11.25","30.54"
"Fri Jun 02 2023 14:30:00 GMT+0530 (India Standard Time)","11.00","11.60","10.40","10.70","28.88"
"Fri Jun 02 2023 14:35:00 GMT+0530 (India Standard Time)","10.65","11.20","9.90","11.10","31.78"
"Fri Jun 02 2023 14:40:00 GMT+0530 (India Standard Time)","11.05","11.60","10.65","11.20","32.52"
"Fri Jun 02 2023 14:45:00 GMT+0530 (India Standard Time)","11.20","12.25","11.15","12.10","38.94"
"Fri Jun 02 2023 14:50:00 GMT+0530 (India Standard Time)","12.15","12.20","11.40","11.65","37.04"
"Fri Jun 02 2023 14:55:00 GMT+0530 (India Standard Time)","11.80","12.20","11.45","12.10","40.19"
"Fri Jun 02 2023 15:00:00 GMT+0530 (India Standard Time)","12.20","14.35","11.95","14.15","51.95"
"Fri Jun 02 2023 15:05:00 GMT+0530 (India Standard Time)","14.20","14.75","12.85","14.30","52.68"
"Fri Jun 02 2023 15:10:00 GMT+0530 (India Standard Time)","14.55","14.60","11.65","12.00","42.08"
"Fri Jun 02 2023 15:15:00 GMT+0530 (India Standard Time)","12.30","12.60","10.05","10.75","37.64"
"Fri Jun 02 2023 15:20:00 GMT+0530 (India Standard Time)","10.80","11.75","10.20","11.70","42.60"
"Fri Jun 02 2023 15:25:00 GMT+0530 (India Standard Time)","11.70","12.45","11.55","12.00","44.11"
"Mon Jun 05 2023 09:15:00 GMT+0530 (India Standard Time)","16.90","20.45","16.90","18.15","64.63"
"Mon Jun 05 2023 09:20:00 GMT+0530 (India Standard Time)","18.00","19.20","16.70","19.20","66.87"
"Mon Jun 05 2023 09:25:00 GMT+0530 (India Standard Time)","19.20","19.25","16.85","18.00","62.04"
"Mon Jun 05 2023 09:30:00 GMT+0530 (India Standard Time)","17.90","18.45","15.60","15.85","54.45"
"Mon Jun 05 2023 09:35:00 GMT+0530 (India Standard Time)","15.75","17.60","15.05","17.00","57.45"
"Mon Jun 05 2023 09:40:00 GMT+0530 (India Standard Time)","17.05","17.30","15.95","16.85","56.92"
"Mon Jun 05 2023 09:45:00 GMT+0530 (India Standard Time)","16.90","17.90","16.55","17.55","58.82"
"Mon Jun 05 2023 09:50:00 GMT+0530 (India Standard Time)","17.65","17.90","16.10","17.40","58.23"
"Mon Jun 05 2023 09:55:00 GMT+0530 (India Standard Time)","17.35","17.90","16.65","17.50","58.53"
"Mon Jun 05 2023 10:00:00 GMT+0530 (India Standard Time)","17.60","18.00","16.80","17.20","57.20"
"Mon Jun 05 2023 10:05:00 GMT+0530 (India Standard Time)","17.30","17.60","16.40","16.80","55.40"
"Mon Jun 05 2023 10:10:00 GMT+0530 (India Standard Time)","16.85","17.70","16.35","17.20","56.86"
"Mon Jun 05 2023 10:15:00 GMT+0530 (India Standard Time)","17.20","18.25","16.95","18.20","60.36"
"Mon Jun 05 2023 10:20:00 GMT+0530 (India Standard Time)","18.25","19.35","18.05","18.60","61.70"
"Mon Jun 05 2023 10:25:00 GMT+0530 (India Standard Time)","18.70","19.45","17.35","17.40","55.63"
"Mon Jun 05 2023 10:30:00 GMT+0530 (India Standard Time)","17.30","17.40","16.30","16.80","52.84"
"Mon Jun 05 2023 10:35:00 GMT+0530 (India Standard Time)","16.85","17.45","16.70","16.75","52.60"
"Mon Jun 05 2023 10:40:00 GMT+0530 (India Standard Time)","16.80","17.40","16.40","17.30","54.99"
"Mon Jun 05 2023 10:45:00 GMT+0530 (India Standard Time)","17.40","18.45","17.15","17.45","55.65"
"Mon Jun 05 2023 10:50:00 GMT+0530 (India Standard Time)","17.35","17.90","17.00","17.30","54.79"
"Mon Jun 05 2023 10:55:00 GMT+0530 (India Standard Time)","17.35","17.85","16.75","17.55","56.01"
"Mon Jun 05 2023 11:00:00 GMT+0530 (India Standard Time)","17.55","17.95","17.30","17.90","57.74"
"Mon Jun 05 2023 11:05:00 GMT+0530 (India Standard Time)","17.95","18.25","17.50","17.70","56.38"
"Mon Jun 05 2023 11:10:00 GMT+0530 (India Standard Time)","17.75","18.25","17.25","17.75","56.65"
"Mon Jun 05 2023 11:15:00 GMT+0530 (India Standard Time)","17.75","18.70","17.50","17.95","57.80"
"Mon Jun 05 2023 11:20:00 GMT+0530 (India Standard Time)","18.00","19.00","17.85","18.90","62.83"
"Mon Jun 05 2023 11:25:00 GMT+0530 (India Standard Time)","18.85","19.10","18.40","18.65","60.78"
"Mon Jun 05 2023 11:30:00 GMT+0530 (India Standard Time)","18.60","18.70","16.90","17.15","50.18"
"Mon Jun 05 2023 11:35:00 GMT+0530 (India Standard Time)","17.05","18.10","16.95","17.85","54.20"
"Mon Jun 05 2023 11:40:00 GMT+0530 (India Standard Time)","17.80","17.95","17.00","17.40","51.33"
"Mon Jun 05 2023 11:45:00 GMT+0530 (India Standard Time)","17.35","18.40","17.25","18.25","56.05"
"Mon Jun 05 2023 11:50:00 GMT+0530 (India Standard Time)","18.25","18.45","17.15","17.25","49.92"
"Mon Jun 05 2023 11:55:00 GMT+0530 (India Standard Time)","17.15","17.30","16.45","16.55","46.11"
"Mon Jun 05 2023 12:00:00 GMT+0530 (India Standard Time)","16.55","17.40","16.35","16.90","48.24"
"Mon Jun 05 2023 12:05:00 GMT+0530 (India Standard Time)","16.90","17.55","16.65","17.35","50.92"
"Mon Jun 05 2023 12:10:00 GMT+0530 (India Standard Time)","17.30","17.85","17.05","17.40","51.22"
"Mon Jun 05 2023 12:15:00 GMT+0530 (India Standard Time)","17.45","17.70","16.70","16.80","47.45"
"Mon Jun 05 2023 12:20:00 GMT+0530 (India Standard Time)","16.80","17.25","16.00","16.80","47.45"
"Mon Jun 05 2023 12:25:00 GMT+0530 (India Standard Time)","16.75","17.00","16.10","16.60","46.13"
"Mon Jun 05 2023 12:30:00 GMT+0530 (India Standard Time)","16.60","16.65","14.70","15.30","38.64"
"Mon Jun 05 2023 12:35:00 GMT+0530 (India Standard Time)","15.25","15.70","15.10","15.15","37.88"
"Mon Jun 05 2023 12:40:00 GMT+0530 (India Standard Time)","15.15","15.60","14.50","15.25","38.75"
"Mon Jun 05 2023 12:45:00 GMT+0530 (India Standard Time)","15.15","15.70","15.05","15.40","40.10"
"Mon Jun 05 2023 12:50:00 GMT+0530 (India Standard Time)","15.45","15.65","14.80","15.05","37.99"
"Mon Jun 05 2023 12:55:00 GMT+0530 (India Standard Time)","15.00","15.75","14.70","15.65","43.48"
"Mon Jun 05 2023 13:00:00 GMT+0530 (India Standard Time)","15.50","15.95","15.15","15.65","43.48"
"Mon Jun 05 2023 13:05:00 GMT+0530 (India Standard Time)","15.60","15.85","15.05","15.15","40.05"
"Mon Jun 05 2023 13:10:00 GMT+0530 (India Standard Time)","15.25","15.50","13.30","14.30","35.00"
"Mon Jun 05 2023 13:15:00 GMT+0530 (India Standard Time)","14.25","15.35","14.05","15.35","44.34"
"Mon Jun 05 2023 13:20:00 GMT+0530 (India Standard Time)","15.35","15.85","15.05","15.85","48.16"
"Mon Jun 05 2023 13:25:00 GMT+0530 (India Standard Time)","15.70","16.05","14.80","15.05","43.07"
"Mon Jun 05 2023 13:30:00 GMT+0530 (India Standard Time)","15.05","15.55","14.70","15.30","45.03"
"Mon Jun 05 2023 13:35:00 GMT+0530 (India Standard Time)","15.30","15.40","14.60","14.95","42.81"
"Mon Jun 05 2023 13:40:00 GMT+0530 (India Standard Time)","15.10","15.40","14.25","14.75","41.55"
"Mon Jun 05 2023 13:45:00 GMT+0530 (India Standard Time)","14.65","15.40","14.60","14.75","41.55"
"Mon Jun 05 2023 13:50:00 GMT+0530 (India Standard Time)","14.65","16.50","14.30","16.30","53.77"
"Mon Jun 05 2023 13:55:00 GMT+0530 (India Standard Time)","16.30","16.55","15.80","16.00","51.53"
"Mon Jun 05 2023 14:00:00 GMT+0530 (India Standard Time)","16.10","16.40","14.95","15.45","47.60"
"Mon Jun 05 2023 14:05:00 GMT+0530 (India Standard Time)","15.35","15.95","14.20","14.60","42.24"
"Mon Jun 05 2023 14:10:00 GMT+0530 (India Standard Time)","14.70","15.20","14.35","15.20","46.80"
"Mon Jun 05 2023 14:15:00 GMT+0530 (India Standard Time)","15.25","15.80","15.00","15.45","48.61"
"Mon Jun 05 2023 14:20:00 GMT+0530 (India Standard Time)","15.45","15.65","14.55","15.20","46.89"
"Mon Jun 05 2023 14:25:00 GMT+0530 (India Standard Time)","15.20","15.40","14.65","15.00","45.50"
"Mon Jun 05 2023 14:30:00 GMT+0530 (India Standard Time)","15.00","15.75","14.25","14.80","44.09"
"Mon Jun 05 2023 14:35:00 GMT+0530 (India Standard Time)","14.85","15.00","14.30","14.65","43.01"
"Mon Jun 05 2023 14:40:00 GMT+0530 (India Standard Time)","14.60","15.20","14.45","14.75","43.99"
"Mon Jun 05 2023 14:45:00 GMT+0530 (India Standard Time)","14.75","15.05","14.00","14.20","39.92"
"Mon Jun 05 2023 14:50:00 GMT+0530 (India Standard Time)","14.10","14.50","13.80","14.00","38.53"
"Mon Jun 05 2023 14:55:00 GMT+0530 (India Standard Time)","14.00","14.35","11.45","13.45","34.91"
"Mon Jun 05 2023 15:00:00 GMT+0530 (India Standard Time)","13.10","13.40","9.50","10.55","22.78"
"Mon Jun 05 2023 15:05:00 GMT+0530 (India Standard Time)","10.60","10.95","9.85","10.70","24.25"
"Mon Jun 05 2023 15:10:00 GMT+0530 (India Standard Time)","10.70","10.90","10.45","10.85","25.76"
"Mon Jun 05 2023 15:15:00 GMT+0530 (India Standard Time)","11.00","12.75","10.85","11.65","33.43"
"Mon Jun 05 2023 15:20:00 GMT+0530 (India Standard Time)","11.70","12.25","11.45","11.95","36.09"
"Mon Jun 05 2023 15:25:00 GMT+0530 (India Standard Time)","11.85","12.10","11.25","11.45","33.67"
"Tue Jun 06 2023 09:15:00 GMT+0530 (India Standard Time)","13.25","13.25","7.15","9.10","25.14"
"Tue Jun 06 2023 09:20:00 GMT+0530 (India Standard Time)","9.10","9.45","8.20","8.30","23.01"
"Tue Jun 06 2023 09:25:00 GMT+0530 (India Standard Time)","8.20","8.75","7.60","8.70","26.38"
"Tue Jun 06 2023 09:30:00 GMT+0530 (India Standard Time)","8.70","8.90","8.30","8.75","26.81"
"Tue Jun 06 2023 09:35:00 GMT+0530 (India Standard Time)","8.75","9.85","8.45","9.45","32.74"
"Tue Jun 06 2023 09:40:00 GMT+0530 (India Standard Time)","9.45","9.60","8.75","9.15","31.56"
"Tue Jun 06 2023 09:45:00 GMT+0530 (India Standard Time)","9.15","9.25","7.60","7.65","26.43"
"Tue Jun 06 2023 09:50:00 GMT+0530 (India Standard Time)","7.50","7.90","6.60","6.70","23.79"
"Tue Jun 06 2023 09:55:00 GMT+0530 (India Standard Time)","6.65","7.00","6.60","6.85","25.06"
"Tue Jun 06 2023 10:00:00 GMT+0530 (India Standard Time)","6.85","7.00","6.20","6.25","23.38"
"Tue Jun 06 2023 10:05:00 GMT+0530 (India Standard Time)","6.25","6.50","6.00","6.40","24.74"
"Tue Jun 06 2023 10:10:00 GMT+0530 (India Standard Time)","6.45","6.70","6.25","6.30","24.43"
"Tue Jun 06 2023 10:15:00 GMT+0530 (India Standard Time)","6.25","6.40","5.90","6.10","23.78"
"Tue Jun 06 2023 10:20:00 GMT+0530 (India Standard Time)","6.10","6.20","5.85","6.00","23.45"
"Tue Jun 06 2023 10:25:00 GMT+0530 (India Standard Time)","6.00","6.05","5.50","5.55","21.96"
"Tue Jun 06 2023 10:30:00 GMT+0530 (India Standard Time)","5.50","5.80","5.50","5.75","24.26"
"Tue Jun 06 2023 10:35:00 GMT+0530 (India Standard Time)","5.70","5.80","5.55","5.70","24.07"
"Tue Jun 06 2023 10:40:00 GMT+0530 (India Standard Time)","5.70","5.70","5.35","5.40","22.90"
"Tue Jun 06 2023 10:45:00 GMT+0530 (India Standard Time)","5.35","5.55","5.15","5.20","22.13"
"Tue Jun 06 2023 10:50:00 GMT+0530 (India Standard Time)","5.15","5.20","4.90","4.95","21.17"
"Tue Jun 06 2023 10:55:00 GMT+0530 (India Standard Time)","4.95","5.00","4.90","4.95","21.17"
"Tue Jun 06 2023 11:00:00 GMT+0530 (India Standard Time)","4.95","5.00","4.70","4.90","20.96"
"Tue Jun 06 2023 11:05:00 GMT+0530 (India Standard Time)","4.90","5.00","4.70","4.80","20.52"
"Tue Jun 06 2023 11:10:00 GMT+0530 (India Standard Time)","4.80","4.80","4.50","4.75","20.29"
"Tue Jun 06 2023 11:15:00 GMT+0530 (India Standard Time)","4.70","4.75","4.50","4.60","19.59"
"Tue Jun 06 2023 11:20:00 GMT+0530 (India Standard Time)","4.60","4.70","4.50","4.70","21.55"
"Tue Jun 06 2023 11:25:00 GMT+0530 (India Standard Time)","4.70","5.10","4.70","4.90","25.47"
"Tue Jun 06 2023 11:30:00 GMT+0530 (India Standard Time)","4.90","4.95","4.45","4.45","22.72"
"Tue Jun 06 2023 11:35:00 GMT+0530 (India Standard Time)","4.40","4.45","4.30","4.35","22.15"
"Tue Jun 06 2023 11:40:00 GMT+0530 (India Standard Time)","4.35","4.40","4.15","4.25","21.56"
"Tue Jun 06 2023 11:45:00 GMT+0530 (India Standard Time)","4.20","4.25","4.10","4.20","21.26"
"Tue Jun 06 2023 11:50:00 GMT+0530 (India Standard Time)","4.20","4.20","4.05","4.10","20.64"
"Tue Jun 06 2023 11:55:00 GMT+0530 (India Standard Time)","4.05","4.30","4.05","4.25","24.22"
"Tue Jun 06 2023 12:00:00 GMT+0530 (India Standard Time)","4.25","4.25","4.10","4.25","24.22"
"Tue Jun 06 2023 12:05:00 GMT+0530 (India Standard Time)","4.25","4.25","4.05","4.15","23.41"
"Tue Jun 06 2023 12:10:00 GMT+0530 (India Standard Time)","4.15","4.30","4.10","4.25","26.09"
"Tue Jun 06 2023 12:15:00 GMT+0530 (India Standard Time)","4.25","4.30","4.15","4.20","25.61"
"Tue Jun 06 2023 12:20:00 GMT+0530 (India Standard Time)","4.20","4.25","4.10","4.20","25.61"
"Tue Jun 06 2023 12:25:00 GMT+0530 (India Standard Time)","4.15","4.20","4.10","4.20","25.61"
"Tue Jun 06 2023 12:30:00 GMT+0530 (India Standard Time)","4.15","4.50","4.15","4.40","31.92"
"Tue Jun 06 2023 12:35:00 GMT+0530 (India Standard Time)","4.40","4.65","4.35","4.50","34.89"
"Tue Jun 06 2023 12:40:00 GMT+0530 (India Standard Time)","4.50","4.50","4.20","4.40","33.32"
"Tue Jun 06 2023 12:45:00 GMT+0530 (India Standard Time)","4.40","4.45","4.30","4.35","32.54"
"Tue Jun 06 2023 12:50:00 GMT+0530 (India Standard Time)","4.35","4.35","3.95","4.15","29.53"
"Tue Jun 06 2023 12:55:00 GMT+0530 (India Standard Time)","4.15","4.45","4.15","4.45","38.68"
"Tue Jun 06 2023 13:00:00 GMT+0530 (India Standard Time)","4.40","4.50","4.25","4.35","36.95"
"Tue Jun 06 2023 13:05:00 GMT+0530 (India Standard Time)","4.40","4.45","3.95","4.00","31.65"
"Tue Jun 06 2023 13:10:00 GMT+0530 (India Standard Time)","3.95","4.25","3.95","4.25","38.45"
"Tue Jun 06 2023 13:15:00 GMT+0530 (India Standard Time)","4.15","4.25","4.00","4.15","36.87"
"Tue Jun 06 2023 13:20:00 GMT+0530 (India Standard Time)","4.15","4.15","4.05","4.05","35.30"
"Tue Jun 06 2023 13:25:00 GMT+0530 (India Standard Time)","4.10","4.15","4.00","4.10","36.75"
"Tue Jun 06 2023 13:30:00 GMT+0530 (India Standard Time)","4.05","4.20","4.05","4.10","36.75"
"Tue Jun 06 2023 13:35:00 GMT+0530 (India Standard Time)","4.10","4.30","4.05","4.10","36.75"
"Tue Jun 06 2023 13:40:00 GMT+0530 (India Standard Time)","4.10","4.10","4.00","4.00","34.81"
"Tue Jun 06 2023 13:45:00 GMT+0530 (India Standard Time)","4.00","4.20","4.00","4.10","38.32"
"Tue Jun 06 2023 13:50:00 GMT+0530 (India Standard Time)","4.05","4.15","4.05","4.10","38.32"
"Tue Jun 06 2023 13:55:00 GMT+0530 (India Standard Time)","4.05","4.10","4.00","4.10","38.32"
"Tue Jun 06 2023 14:00:00 GMT+0530 (India Standard Time)","4.10","4.15","3.75","3.80","31.89"
"Tue Jun 06 2023 14:05:00 GMT+0530 (India Standard Time)","3.75","4.10","3.70","3.90","35.76"
"Tue Jun 06 2023 14:10:00 GMT+0530 (India Standard Time)","3.90","4.05","3.90","4.00","39.46"
"Tue Jun 06 2023 14:15:00 GMT+0530 (India Standard Time)","3.95","4.05","3.95","4.00","39.46"
"Tue Jun 06 2023 14:20:00 GMT+0530 (India Standard Time)","4.00","4.10","3.90","4.00","39.46"
"Tue Jun 06 2023 14:25:00 GMT+0530 (India Standard Time)","4.00","4.05","3.95","3.95","38.09"
"Tue Jun 06 2023 14:30:00 GMT+0530 (India Standard Time)","4.00","4.00","3.85","3.90","36.71"
"Tue Jun 06 2023 14:35:00 GMT+0530 (India Standard Time)","3.90","3.95","3.70","3.75","32.88"
"Tue Jun 06 2023 14:40:00 GMT+0530 (India Standard Time)","3.75","3.80","3.55","3.55","28.60"
"Tue Jun 06 2023 14:45:00 GMT+0530 (India Standard Time)","3.60","3.60","3.35","3.40","25.87"
"Tue Jun 06 2023 14:50:00 GMT+0530 (India Standard Time)","3.40","3.45","3.30","3.35","25.02"
"Tue Jun 06 2023 14:55:00 GMT+0530 (India Standard Time)","3.35","3.55","3.35","3.40","27.60"
"Tue Jun 06 2023 15:00:00 GMT+0530 (India Standard Time)","3.45","3.75","3.40","3.60","36.94"
"Tue Jun 06 2023 15:05:00 GMT+0530 (India Standard Time)","3.65","3.65","3.30","3.40","32.43"
"Tue Jun 06 2023 15:10:00 GMT+0530 (India Standard Time)","3.40","4.25","3.40","4.00","51.53"
"Tue Jun 06 2023 15:15:00 GMT+0530 (India Standard Time)","4.10","4.20","3.65","4.05","52.73"
"Tue Jun 06 2023 15:20:00 GMT+0530 (India Standard Time)","4.10","4.25","4.00","4.20","56.23"
"Tue Jun 06 2023 15:25:00 GMT+0530 (India Standard Time)","4.20","4.65","4.00","4.40","60.43"
"Wed Jun 07 2023 09:15:00 GMT+0530 (India Standard Time)","6.05","7.35","4.90","5.30","73.00"
"Wed Jun 07 2023 09:20:00 GMT+0530 (India Standard Time)","5.30","5.80","4.85","5.55","75.35"
"Wed Jun 07 2023 09:25:00 GMT+0530 (India Standard Time)","5.60","5.70","5.10","5.30","68.91"
"Wed Jun 07 2023 09:30:00 GMT+0530 (India Standard Time)","5.20","5.50","5.05","5.35","69.47"
"Wed Jun 07 2023 09:35:00 GMT+0530 (India Standard Time)","5.30","5.60","4.65","4.80","57.22"
"Wed Jun 07 2023 09:40:00 GMT+0530 (India Standard Time)","4.75","5.20","4.60","5.20","62.41"
"Wed Jun 07 2023 09:45:00 GMT+0530 (India Standard Time)","5.20","5.35","4.90","5.30","63.60"
"Wed Jun 07 2023 09:50:00 GMT+0530 (India Standard Time)","5.25","5.35","4.60","4.85","55.14"
"Wed Jun 07 2023 09:55:00 GMT+0530 (India Standard Time)","4.85","4.90","4.70","4.85","55.14"
"Wed Jun 07 2023 10:00:00 GMT+0530 (India Standard Time)","4.80","4.85","4.50","4.60","50.79"
"Wed Jun 07 2023 10:05:00 GMT+0530 (India Standard Time)","4.60","4.65","4.35","4.60","50.79"
"Wed Jun 07 2023 10:10:00 GMT+0530 (India Standard Time)","4.55","4.70","4.40","4.60","50.79"
"Wed Jun 07 2023 10:15:00 GMT+0530 (India Standard Time)","4.65","5.25","4.55","5.10","58.89"
"Wed Jun 07 2023 10:20:00 GMT+0530 (India Standard Time)","5.20","5.35","5.00","5.25","60.97"
"Wed Jun 07 2023 10:25:00 GMT+0530 (India Standard Time)","5.25","5.50","5.10","5.35","62.34"
"Wed Jun 07 2023 10:30:00 GMT+0530 (India Standard Time)","5.30","5.45","4.95","5.00","55.07"
"Wed Jun 07 2023 10:35:00 GMT+0530 (India Standard Time)","4.95","5.05","4.75","4.80","51.39"
"Wed Jun 07 2023 10:40:00 GMT+0530 (India Standard Time)","4.85","4.90","4.45","4.45","45.63"
"Wed Jun 07 2023 10:45:00 GMT+0530 (India Standard Time)","4.45","4.50","3.65","3.95","38.93"
"Wed Jun 07 2023 10:50:00 GMT+0530 (India Standard Time)","4.00","4.10","3.90","4.10","41.69"
"Wed Jun 07 2023 10:55:00 GMT+0530 (India Standard Time)","4.10","4.40","4.05","4.30","45.26"
"Wed Jun 07 2023 11:00:00 GMT+0530 (India Standard Time)","4.35","4.45","4.20","4.45","47.83"
"Wed Jun 07 2023 11:05:00 GMT+0530 (India Standard Time)","4.50","4.80","4.45","4.65","51.13"
"Wed Jun 07 2023 11:10:00 GMT+0530 (India Standard Time)","4.60","4.85","4.50","4.70","51.95"
"Wed Jun 07 2023 11:15:00 GMT+0530 (India Standard Time)","4.75","5.35","4.65","5.10","58.01"
"Wed Jun 07 2023 11:20:00 GMT+0530 (India Standard Time)","5.10","5.20","4.85","4.95","55.20"
"Wed Jun 07 2023 11:25:00 GMT+0530 (India Standard Time)","4.80","4.95","4.55","4.70","50.78"
"Wed Jun 07 2023 11:30:00 GMT+0530 (India Standard Time)","4.65","4.75","4.10","4.15","42.69"
"Wed Jun 07 2023 11:35:00 GMT+0530 (India Standard Time)","4.10","4.50","4.05","4.40","46.84"
"Wed Jun 07 2023 11:40:00 GMT+0530 (India Standard Time)","4.45","4.55","4.35","4.45","47.65"
"Wed Jun 07 2023 11:45:00 GMT+0530 (India Standard Time)","4.45","4.75","4.45","4.70","51.65"
"Wed Jun 07 2023 11:50:00 GMT+0530 (India Standard Time)","4.65","4.70","4.40","4.50","48.46"
"Wed Jun 07 2023 11:55:00 GMT+0530 (India Standard Time)","4.50","4.95","4.25","4.85","53.83"
"Wed Jun 07 2023 12:00:00 GMT+0530 (India Standard Time)","4.80","5.15","4.70","4.90","54.56"
"Wed Jun 07 2023 12:05:00 GMT+0530 (India Standard Time)","4.85","5.00","4.65","4.90","54.56"
"Wed Jun 07 2023 12:10:00 GMT+0530 (India Standard Time)","4.90","5.35","4.70","4.80","52.63"
"Wed Jun 07 2023 12:15:00 GMT+0530 (India Standard Time)","4.85","5.00","4.80","4.90","54.37"
"Wed Jun 07 2023 12:20:00 GMT+0530 (India Standard Time)","4.85","5.05","4.80","5.00","56.10"
"Wed Jun 07 2023 12:25:00 GMT+0530 (India Standard Time)","5.05","5.15","4.95","5.05","56.98"
"Wed Jun 07 2023 12:30:00 GMT+0530 (India Standard Time)","5.00","5.10","4.70","4.95","54.62"
"Wed Jun 07 2023 12:35:00 GMT+0530 (India Standard Time)","5.00","5.00","4.75","4.90","53.43"
"Wed Jun 07 2023 12:40:00 GMT+0530 (India Standard Time)","4.95","5.20","4.70","5.20","59.18"
"Wed Jun 07 2023 12:45:00 GMT+0530 (India Standard Time)","5.15","10.30","5.15","9.55","86.05"
"Wed Jun 07 2023 12:50:00 GMT+0530 (India Standard Time)","9.75","9.90","8.15","8.90","77.81"
"Wed Jun 07 2023 12:55:00 GMT+0530 (India Standard Time)","8.95","9.10","7.50","7.65","64.93"
"Wed Jun 07 2023 13:00:00 GMT+0530 (India Standard Time)","7.50","8.65","7.50","8.40","68.32"
"Wed Jun 07 2023 13:05:00 GMT+0530 (India Standard Time)","8.45","9.25","8.40","8.90","70.37"
"Wed Jun 07 2023 13:10:00 GMT+0530 (India Standard Time)","8.90","9.00","7.45","8.60","67.54"
"Wed Jun 07 2023 13:15:00 GMT+0530 (India Standard Time)","8.55","9.00","8.30","8.85","68.67"
"Wed Jun 07 2023 13:20:00 GMT+0530 (India Standard Time)","8.85","9.00","8.45","8.55","65.71"
"Wed Jun 07 2023 13:25:00 GMT+0530 (India Standard Time)","8.55","8.65","7.70","7.90","59.71"
"Wed Jun 07 2023 13:30:00 GMT+0530 (India Standard Time)","7.80","8.65","7.70","7.70","57.95"
"Wed Jun 07 2023 13:35:00 GMT+0530 (India Standard Time)","7.80","7.80","6.15","6.45","48.39"
"Wed Jun 07 2023 13:40:00 GMT+0530 (India Standard Time)","6.30","7.55","5.95","7.10","52.75"
"Wed Jun 07 2023 13:45:00 GMT+0530 (India Standard Time)","7.15","7.65","6.70","7.30","54.04"
"Wed Jun 07 2023 13:50:00 GMT+0530 (India Standard Time)","7.20","8.30","7.20","8.10","58.88"
"Wed Jun 07 2023 13:55:00 GMT+0530 (India Standard Time)","8.15","8.30","7.80","8.30","60.01"
"Wed Jun 07 2023 14:00:00 GMT+0530 (India Standard Time)","8.30","9.05","8.10","8.90","63.27"
"Wed Jun 07 2023 14:05:00 GMT+0530 (India Standard Time)","8.95","10.30","8.60","9.85","67.76"
"Wed Jun 07 2023 14:10:00 GMT+0530 (India Standard Time)","9.80","9.90","8.20","8.35","56.10"
"Wed Jun 07 2023 14:15:00 GMT+0530 (India Standard Time)","8.25","9.95","8.25","9.95","63.35"
"Wed Jun 07 2023 14:20:00 GMT+0530 (India Standard Time)","9.95","13.15","9.80","11.15","67.66"
"Wed Jun 07 2023 14:25:00 GMT+0530 (India Standard Time)","11.20","12.00","10.45","11.25","68.00"
"Wed Jun 07 2023 14:30:00 GMT+0530 (India Standard Time)","11.25","12.45","10.85","12.15","70.94"
"Wed Jun 07 2023 14:35:00 GMT+0530 (India Standard Time)","12.25","12.50","11.45","11.45","65.87"
"Wed Jun 07 2023 14:40:00 GMT+0530 (India Standard Time)","11.50","14.40","10.60","14.35","74.12"
"Wed Jun 07 2023 14:45:00 GMT+0530 (India Standard Time)","14.50","14.55","12.10","12.90","65.58"
"Wed Jun 07 2023 14:50:00 GMT+0530 (India Standard Time)","12.80","13.70","11.10","12.20","61.88"
"Wed Jun 07 2023 14:55:00 GMT+0530 (India Standard Time)","12.15","13.50","11.30","12.55","63.00"
"Wed Jun 07 2023 15:00:00 GMT+0530 (India Standard Time)","11.90","14.75","11.75","12.90","64.14"
"Wed Jun 07 2023 15:05:00 GMT+0530 (India Standard Time)","12.80","14.55","12.60","13.40","65.77"
"Wed Jun 07 2023 15:10:00 GMT+0530 (India Standard Time)","13.30","13.55","12.15","12.55","60.73"
"Wed Jun 07 2023 15:15:00 GMT+0530 (India Standard Time)","12.45","12.75","10.50","11.55","55.36"
"Wed Jun 07 2023 15:20:00 GMT+0530 (India Standard Time)","11.65","13.00","11.55","12.70","59.77"
"Wed Jun 07 2023 15:25:00 GMT+0530 (India Standard Time)","12.70","12.70","11.70","12.45","58.42"
"Thu Jun 08 2023 09:15:00 GMT+0530 (India Standard Time)","17.05","17.05","8.40","11.55","53.71"
"Thu Jun 08 2023 09:20:00 GMT+0530 (India Standard Time)","11.30","11.90","10.35","11.20","51.96"
"Thu Jun 08 2023 09:25:00 GMT+0530 (India Standard Time)","11.20","14.40","10.75","13.20","59.99"
"Thu Jun 08 2023 09:30:00 GMT+0530 (India Standard Time)","12.95","13.60","11.35","12.15","54.81"
"Thu Jun 08 2023 09:35:00 GMT+0530 (India Standard Time)","12.25","13.00","11.70","12.85","57.45"
"Thu Jun 08 2023 09:40:00 GMT+0530 (India Standard Time)","12.80","13.60","12.45","13.05","58.20"
"Thu Jun 08 2023 09:45:00 GMT+0530 (India Standard Time)","13.15","14.85","13.00","14.30","62.64"
"Thu Jun 08 2023 09:50:00 GMT+0530 (India Standard Time)","14.20","17.45","14.20","16.30","68.42"
"Thu Jun 08 2023 09:55:00 GMT+0530 (India Standard Time)","16.20","16.30","14.50","15.45","63.89"
"Thu Jun 08 2023 10:00:00 GMT+0530 (India Standard Time)","15.45","16.90","13.05","16.15","65.89"
"Thu Jun 08 2023 10:05:00 GMT+0530 (India Standard Time)","16.25","17.10","10.40","12.70","50.93"
"Thu Jun 08 2023 10:10:00 GMT+0530 (India Standard Time)","12.50","13.80","12.25","12.55","50.39"
"Thu Jun 08 2023 10:15:00 GMT+0530 (India Standard Time)","12.50","14.70","12.35","14.40","56.47"
"Thu Jun 08 2023 10:20:00 GMT+0530 (India Standard Time)","14.60","15.65","14.00","14.85","57.83"
"Thu Jun 08 2023 10:25:00 GMT+0530 (India Standard Time)","14.70","14.90","13.15","14.10","54.77"
"Thu Jun 08 2023 10:30:00 GMT+0530 (India Standard Time)","14.05","14.15","12.50","12.70","49.50"
"Thu Jun 08 2023 10:35:00 GMT+0530 (India Standard Time)","12.90","13.45","11.40","13.35","51.82"
"Thu Jun 08 2023 10:40:00 GMT+0530 (India Standard Time)","13.40","13.45","12.40","12.95","50.29"
"Thu Jun 08 2023 10:45:00 GMT+0530 (India Standard Time)","12.95","14.30","12.60","14.05","54.28"
"Thu Jun 08 2023 10:50:00 GMT+0530 (India Standard Time)","14.25","14.30","12.50","13.15","50.70"
"Thu Jun 08 2023 10:55:00 GMT+0530 (India Standard Time)","13.15","13.95","12.00","13.05","50.30"
"Thu Jun 08 2023 11:00:00 GMT+0530 (India Standard Time)","12.95","13.65","12.70","13.10","50.51"
"Thu Jun 08 2023 11:05:00 GMT+0530 (India Standard Time)","13.10","13.80","12.90","13.15","50.73"
"Thu Jun 08 2023 11:10:00 GMT+0530 (India Standard Time)","13.10","13.90","11.70","12.00","45.63"
"Thu Jun 08 2023 11:15:00 GMT+0530 (India Standard Time)","11.95","12.55","11.15","11.70","44.38"
"Thu Jun 08 2023 11:20:00 GMT+0530 (India Standard Time)","11.65","11.70","8.90","9.25","35.74"
"Thu Jun 08 2023 11:25:00 GMT+0530 (India Standard Time)","9.20","9.75","7.50","9.35","36.29"
"Thu Jun 08 2023 11:30:00 GMT+0530 (India Standard Time)","9.25","10.45","8.15","8.65","34.11"
"Thu Jun 08 2023 11:35:00 GMT+0530 (India Standard Time)","8.60","9.05","7.95","8.45","33.49"
"Thu Jun 08 2023 11:40:00 GMT+0530 (India Standard Time)","8.40","8.55","4.65","4.80","24.68"
"Thu Jun 08 2023 11:45:00 GMT+0530 (India Standard Time)","4.55","5.60","4.25","4.25","23.67"
"Thu Jun 08 2023 11:50:00 GMT+0530 (India Standard Time)","4.25","4.35","3.30","3.30","22.00"
"Thu Jun 08 2023 11:55:00 GMT+0530 (India Standard Time)","3.35","3.70","2.75","2.85","21.23"
"Thu Jun 08 2023 12:00:00 GMT+0530 (India Standard Time)","2.80","2.95","2.50","2.75","21.06"
"Thu Jun 08 2023 12:05:00 GMT+0530 (India Standard Time)","2.80","3.05","2.70","2.95","22.44"
"Thu Jun 08 2023 12:10:00 GMT+0530 (India Standard Time)","2.95","3.15","2.70","3.10","23.52"
"Thu Jun 08 2023 12:15:00 GMT+0530 (India Standard Time)","3.15","3.60","2.90","2.90","23.06"
"Thu Jun 08 2023 12:20:00 GMT+0530 (India Standard Time)","2.90","3.30","2.65","3.05","24.26"
"Thu Jun 08 2023 12:25:00 GMT+0530 (India Standard Time)","3.10","3.40","2.90","3.05","24.26"
"Thu Jun 08 2023 12:30:00 GMT+0530 (India Standard Time)","3.05","3.20","2.15","2.15","21.88"
"Thu Jun 08 2023 12:35:00 GMT+0530 (India Standard Time)","2.05","2.30","1.90","2.15","21.88"
"Thu Jun 08 2023 12:40:00 GMT+0530 (India Standard Time)","2.15","2.55","2.10","2.45","24.73"
"Thu Jun 08 2023 12:45:00 GMT+0530 (India Standard Time)","2.45","2.55","2.00","2.10","23.65"
"Thu Jun 08 2023 12:50:00 GMT+0530 (India Standard Time)","2.10","2.25","2.05","2.10","23.65"
"Thu Jun 08 2023 12:55:00 GMT+0530 (India Standard Time)","2.10","2.55","2.05","2.50","27.84"
"Thu Jun 08 2023 13:00:00 GMT+0530 (India Standard Time)","2.55","2.70","2.25","2.50","27.84"
"Thu Jun 08 2023 13:05:00 GMT+0530 (India Standard Time)","2.45","2.50","2.00","2.05","25.98"
"Thu Jun 08 2023 13:10:00 GMT+0530 (India Standard Time)","2.05","2.10","1.85","1.95","25.57"
"Thu Jun 08 2023 13:15:00 GMT+0530 (India Standard Time)","1.90","2.10","1.90","2.10","27.41"
"Thu Jun 08 2023 13:20:00 GMT+0530 (India Standard Time)","2.10","2.15","1.95","1.95","26.70"
"Thu Jun 08 2023 13:25:00 GMT+0530 (India Standard Time)","1.95","2.00","1.75","1.85","26.21"
"Thu Jun 08 2023 13:30:00 GMT+0530 (India Standard Time)","1.90","2.00","1.75","1.75","25.70"
"Thu Jun 08 2023 13:35:00 GMT+0530 (India Standard Time)","1.75","1.85","1.65","1.75","25.70"
"Thu Jun 08 2023 13:40:00 GMT+0530 (India Standard Time)","1.75","2.25","1.70","2.15","31.83"
"Thu Jun 08 2023 13:45:00 GMT+0530 (India Standard Time)","2.05","3.05","2.05","2.65","38.63"
"Thu Jun 08 2023 13:50:00 GMT+0530 (India Standard Time)","2.60","2.65","1.85","2.55","37.82"
"Thu Jun 08 2023 13:55:00 GMT+0530 (India Standard Time)","2.60","2.85","2.40","2.65","39.20"
"Thu Jun 08 2023 14:00:00 GMT+0530 (India Standard Time)","2.60","2.90","1.90","2.35","36.58"
"Thu Jun 08 2023 14:05:00 GMT+0530 (India Standard Time)","2.40","2.45","1.25","1.30","29.22"
"Thu Jun 08 2023 14:10:00 GMT+0530 (India Standard Time)","1.30","1.35","0.80","1.05","27.78"
"Thu Jun 08 2023 14:15:00 GMT+0530 (India Standard Time)","1.05","1.05","0.80","0.85","26.66"
"Thu Jun 08 2023 14:20:00 GMT+0530 (India Standard Time)","0.85","0.90","0.70","0.75","26.09"
"Thu Jun 08 2023 14:25:00 GMT+0530 (India Standard Time)","0.80","0.85","0.70","0.75","26.09"
"Thu Jun 08 2023 14:30:00 GMT+0530 (India Standard Time)","0.70","0.75","0.65","0.65","25.46"
"Thu Jun 08 2023 14:35:00 GMT+0530 (India Standard Time)","0.70","0.75","0.65","0.65","25.46"
"Thu Jun 08 2023 14:40:00 GMT+0530 (India Standard Time)","0.70","0.70","0.45","0.50","24.43"
"Thu Jun 08 2023 14:45:00 GMT+0530 (India Standard Time)","0.50","0.55","0.45","0.50","24.43"
"Thu Jun 08 2023 14:50:00 GMT+0530 (India Standard Time)","0.45","0.50","0.30","0.30","22.99"
"Thu Jun 08 2023 14:55:00 GMT+0530 (India Standard Time)","0.30","0.35","0.20","0.20","22.29"
"Thu Jun 08 2023 15:00:00 GMT+0530 (India Standard Time)","0.25","0.25","0.20","0.20","22.29"
"Thu Jun 08 2023 15:05:00 GMT+0530 (India Standard Time)","0.20","0.25","0.10","0.10","21.52"
"Thu Jun 08 2023 15:10:00 GMT+0530 (India Standard Time)","0.10","0.15","0.10","0.10","21.52"
"Thu Jun 08 2023 15:15:00 GMT+0530 (India Standard Time)","0.10","0.15","0.05","0.10","21.52"
"Thu Jun 08 2023 15:20:00 GMT+0530 (India Standard Time)","0.10","0.10","0.05","0.10","21.52"
"Thu Jun 08 2023 15:25:00 GMT+0530 (India Standard Time)","0.05","0.10","0.05","0.05","21.04"